 1    1  99.998
 1    2   0.002
 2    3   0.017
 2    4  99.983
 3    6   7.590
 3    7  92.410
 4    9 100.000
 5   10  19.900
 5   11  80.100
 6   12  98.894
 6   13   1.106
 7   14  99.771
 7   15   0.229
 8   16  99.762
 8   17   0.038
 8   18   0.200
 9   19 100.000
10   20  92.943
10   21   0.223
10   22   6.834
11   23 100.000
12   24  78.990
12   25  10.000
12   26  11.010
13   26   0.000000001
13   27 100.000
14   28  92.230
14   29   4.683
14   30   3.087
15   31 100.000
16   32  94.930
16   33   0.760
16   34   4.290
16   36   0.020
17   35  75.780
17   37  24.220
18   36  84.595
18   38  15.381
18   40   0.025
19   39  93.132
19   40   0.147
19   41   6.721
20   40  96.941
20   42   0.647
20   43   0.135
20   44   2.086
20   46   0.004
20   48   0.187
21   45 100.000
22   46   8.250
22   47   7.440
22   48  73.720
22   49   5.410
22   50   5.180
23   50   0.250
23   51  99.750
24   50   4.345
24   52  83.789
24   53   9.501
24   54   2.365
25   55 100.000
26   54   5.845
26   56  91.754
26   57   2.119
26   58   0.282
27   59 100.000
28   58  68.077
28   60  26.223
28   61   1.140
28   62   3.635
28   64   0.926
29   63  69.170
29   65  30.830
30   64  48.630
30   66  27.900
30   67   4.100
30   68  18.750
30   70   0.620
31   69  60.108
31   71  39.892
32   70  20.840
32   72  27.540
32   73   7.730
32   74  36.280
32   76   7.610
33   75 100.000
34   74   0.890
34   76   9.370
34   77   7.630
34   78  23.770
34   80  49.610
34   82   8.730
35   79  50.690
35   81  49.310
36   78   0.362
36   80   2.326
36   82  11.655
36   83  11.546
36   84  56.903
36   86  17.208
37   85  70.844
37   87  29.156
38   84   0.558
38   86   9.868
38   87   6.896
38   88  82.678
39   89 100.000
40   90  51.450
40   91  11.220
40   92  17.150
40   93   0.000000001
40   94  17.380
40   96   2.800
41   93 100.000
42   92  14.525
42   94   9.151
42   95  15.838
42   96  16.672
42   97   9.599
42   98  24.391
42  100   9.824
44   96   5.540
44   98   1.870
44   99  12.760
44  100  12.600
44  101  17.060
44  102  31.550
44  104  18.620 
45  103 100.000
46  102   1.020
46  104  11.140
46  105  22.330
46  106  27.330
46  108  26.460
46  110  11.720
47  107  51.839
47  109  48.161
48  106   1.250
48  108   0.890
48  110  12.490
48  111  12.800
48  112  24.130
48  113  12.220
48  114  28.730
48  116   7.490
49  113   4.290
49  115  95.710
50  112   0.970
50  114   0.660
50  115   0.340
50  116  14.540
50  117   7.680
50  118  24.220
50  119   8.590
50  120  32.580
50  122   4.630
50  124   5.790
51  121  57.210
51  123  42.790
52  120   0.090
52  122   2.550
52  123   0.890
52  124   4.740
52  125   7.070
52  126  18.840
52  128  31.740
52  130  34.080
53  127 100.000
54  124   0.122
54  126   0.108
54  128   2.188
54  129  27.255
54  130   4.376
54  131  21.693
54  132  26.514
54  134   9.790
54  136   7.954
55  133 100.000
56  130   0.106
56  132   0.101
56  134   2.417
56  135   6.592
56  136   7.854
56  137  11.232
56  138  71.698
57  138   0.091
57  139  99.909
58  136   0.185
58  138   0.251
58  140  88.450
58  142  11.114
59  141 100.000
60  142  27.044
60  143  12.023
60  144  23.729
60  145   8.763
60  146  17.130
60  148   5.716
60  150   5.596
62  144   3.070
62  147  14.990
62  148  11.240
62  149  13.820
62  150   7.380
62  152  26.750
62  154  22.750
63  151  47.810
63  153  52.190
64  152   0.200
64  154   2.180
64  155  14.800
64  156  20.470
64  157  15.650
64  158  24.840
64  160  21.860
65  159 100.000
66  156   0.056
66  158   0.095
66  160   2.329
66  161  18.889
66  162  25.475
66  163  24.896
66  164  28.260
67  165 100.000
68  162   0.139
68  164   1.601
68  166  33.503
68  167  22.869
68  168  26.978
68  170  14.910
69  169 100.000
70  168   0.120
70  170   2.980
70  171  14.090
70  172  21.690
70  173  16.100
70  174  32.030
70  176  13.000
71  175  97.180
71  176   2.821
72  174   0.162
72  176   5.206
72  177  18.606
72  178  27.297
72  179  13.629
72  180  35.100
73  180   0.012
73  181  99.988
74  180   0.120
74  182  26.500
74  183  14.310
74  184  30.640
74  186  28.430
75  185  35.662
75  187  64.338
76  184   0.020
76  186   1.598
76  187   1.271
76  188  13.337
76  189  16.261
76  190  26.444
76  192  41.070
77  191  37.300
77  193  62.700
78  190   0.014
78  192   0.782
78  194  32.967
78  195  33.832
78  196  25.242
78  198   7.163
79  197 100.000
80  196   0.150
80  198   9.970
80  199  16.870
80  200  23.100
80  201  13.180
80  202  29.860
80  204   6.870
81  203  29.524
81  205  70.476
82  204   1.997
82  206  18.582
82  207  20.563
82  208  58.858
83  209 100.000
90  232 100.000
92  234   0.002
92  235  24.286
92  238  75.712
