 1    1  99.998
 1    2   0.002
 6   12  98.965
 6   13   1.035
 7   14  99.774
 7   15   0.226
 8   16  99.777
 8   17   0.035
 8   18   0.168
 9   10 100.
11   23 100.
12   24  78.992
12   25  10.003
12   26  11.005
13   26   0.0000001
13   27 100.
14   28  92.230
14   29   4.683
14   30   3.087
15   31 100.
16   32  95.047
16   33   0.744
16   34   4.196
16   36   0.013
17   35  75.765
17   37  24.235
19   39  93.132
19   40   0.147
19   41   6.721
20   40  96.941
20   42   0.647
20   43   0.136
20   44   2.086
20   49   0.187
22   46   8.249
22   47   7.437
22   48  73.72
22   49   5.409
22   50   5.185
23   50   0.250
23   51  99.750
24   50   4.345
24   52  83.790
24   53   9.500
24   54   2.365
25   55 100.
26   54   5.845
26   56  91.754
26   57   2.119
26   58   0.282
